011111111111111111111111
011111111111111111111111
011011000000011001001001
010111111111100010011100
011011110000010100010011
011111111111111111111111
011110001111011011101100
010101100011000011101100
001101011111011011101011
001100010010010010110010
001111111000000010100000
010000010111110110010001
001001010010100110100101
111110110100011110001101
111001000000000000100000
111010011010011010111001
111101001110101011100011
111010000011010111111010
110000100101011000111111
101000000001100000000000
100110101110111110101111
101010111000010110100111
101100100110111101001001
100111001110110010000001
100000000000000000000000
100000000000000000000000
100000000000000000000000
100101001100011101111000
100101101010010000111111
100000000000000000000000
100000000000000000000000
100000000000000000000000
100110001011001001010001
101100010101000000011110
101011011001010010001010
100111000101110001000001
100111011010010000100010
101111010010000111111011
111001000111010111011000
111101010000100010000001
111010110111100000010111
111000110101001101111011
111101101100110010100000
001000000000000000110101
001111111001100100010101
010000010001010101000111
001100100111000101000110
001100111010101001111000
010100010100110101001110
011101011010101000010111
011111111111111111111111
011100011101011001011010
011000001001100000000101
011010010000001001010110
011111111111111111111111
011111111111111111111111
011111111111111111111111
011011110101101000110100
010111111101001010100111
011011000100001000010111
011111111110000001111111
011110111100110111000100
010110110010000001101001
001110001011110111101100
001100000010110111110100
001111011011010100101100
010000101101101100111010
001010100001011011010111
000000000001010101101101
111001010010110110100011
111001111110111001000101
111101000110001001001000
111010111000010110111000
110001111001101001011000
101000110000110100000111
100110011110001101111111
101010010100101100011111
101100110000111100111000
101000001110111000110011
100000000000000000000000
100000000000000000000000
100000000000000000000000
100100101000011011100101
100110000001001100000111
100000110101011110111110
100000000000000000000000
100000000000000000000000
100101000101000011111000
101011111011001000001011
101011110110011011001000
100111100001101011000000
100110111011011001101111
101110000001000001000100
111000000101000000001111
111101001011000101111011
111011010100111110101101
111000110010000111010111
111100101011001010001111
000110101010110000011111
001111010010111010101001
010000100110001001100011
001101000000010011101001
001100011101110100001110
010011001000100000101011
011100011111001001101110
011111111111111111111111
011101001010001100011110
011000011010101001110010
011001100101101111010010
011111111111111111111111
011111111111111111111111
011111111111111111111111
011100101110111011100001
011000000010100111111101
011010011001111111001001
011111100011100000010010
011111100010010111000011
011000000000100011010011
001110111111100001101111
001011111001101000000111
001110111100010010110110
010000111011001111011010
001011101011011101100110
000001010010011010100110
111001101101111101000101
111001100110000011110001
111100110111101010001001
111011100101110010100111
110011001101101101001001
101001100111101110101100
100110010100010001001000
101001101111011011101101
101100110011001001000111
101001001010011101010100
100000101011011010110110
100000000000000000000000
100000000000000000000000
100011111110111011100000
100110010000101111111101
100001101011000001110101
100000000000000000000000
100000000000000000000000
100011111101101010110100
101011011001100000001111
101100001110110010110110
101000000001101100100110
100110100101000101000010
101100110011001100110011
110110111101000101110111
111100111101111010001111
